SET 1 = 10023   , THRU    , 10098   , 10115   , THRU    , 10118   , 
        10350   , THRU    , 10389   , 53323   , THRU    , 53391   , 
        49472   , 49474   , 49477   , 49478   , 49487   , 49489   , 
        49491   , 49495   , 49497   , 49499   , 49501   , 49503   , 
        49505   , 51342   , 51346   , 51348   , 51350   , 51352   , 
        51354   , 51356   , 51358   , 51362   , 51463   , 51465   , 
        51467   , 51469   , 51471   , 51473   , 51477   , 51479   , 
        51481   , 52907   , 52908   , 52935   , 53224   , 53230   , 
        53231   , 53234   , 53236   , 53238   , 53300   , 53302   , 
        53305
